2 15 15 2 
1.1634369130538569 0.9356975869018102 1.1672248103575324
-10.342495974337066 0.9319504333941784 2.5779398995325566
0.5228811354132075 -3.661341239241051 5.374857506035596
-3.149520670894888 4.333746298268951 -2.0355944165748476
6.016920914189982 -1.1225222356664022 -1.3054654701309558
-4.734146669627737 1.0496070055700288 1.0168498804902832
0.4013592343072167 0.6394330033097527 -1.7488762924664303
3.1436457850647668 -4.046948598533776 1.4207167778674312
6.827550917868265 1.2353693336169984 -5.033318377329214
-4.960209660598263 0.9263631340000582 1.1684705863711544
5.29763612386698 -1.2906392478933029 -0.9340338630223955
10.728883709618191 -1.7424367146598512 -2.0334325526927444
0.3612087932340446 4.189936177759978 -2.775460005028793
-1.9533779866631742 -1.2869057649807305 3.05595731683936
0.015965887002775504 -0.4326336050094894 -0.40592784930279446
0.05336442874376029 -0.15186032165144606 0.8758755385281749 -0.4812511930212443 -1.5265792275839676 1.164998977038419 -0.32436055740536546 0.6316453437257721 1.6050136031581792 1.6021292789337 0.14454206095696884 1.389049912443371 0.7144856312261284 -2.1694854913635577 -1.340755034052724 -0.4255240367488257
0.29512122137442465 0.5526946442077446 -0.29682240942841737 -2.046745918837016 -0.6194892844104457 0.9166725553321782 -0.3243313202800039 0.5149073836279704 1.863534604152527 2.824188156623663 -0.9250682857441807 1.3400947529027163 0.059199984920146595 -1.2174510188234213 -1.5477918982059258 -0.23733870868731574
0.502214380208703 0.11453808261210005 -1.5563241467776456 0.743214618252042 0.7244107517285829 1.089058920865445 -1.9835263824350664 0.6913618351427718 -0.7329132824951858 1.2461639742491801 -1.7743504920156274 1.5773312096249859 1.6624696594204353 1.083982567118238 -0.37329119011894996 1.1475229399239504
-0.5914679752320305 -0.6348359248399786 -1.0291179103460593 0.04603620630519396 0.46414115381948745 0.5388644121168943 0.0062597604712252165 0.061782186148445474 0.7513887244815549 -0.8761222661518308 -0.6015084922197768 -0.6005067530844435 -0.6939858637452336 0.13474433960703078 -0.7420957122930346 0.8857657638737378
0.6603850539113053 0.383205345122126 -0.05629029455550978 -0.2035596604419236 1.5851466644549472 -2.03164057167401 0.30008977172338824 -1.1389267548686175 -1.842460790256552 -2.1128307464475986 1.5256967213704589 -2.009115335306076 -0.6139830894527744 2.0125737873058407 1.3548774665395558 -0.426540630124662
0.693234531120521 -0.49375473926697583 2.4180246583789975 -3.2845249100412084 -0.5716014370365436 -2.675516052052806 2.35221058960596 -0.07108617236003197 0.4951903573169502 0.7319230664508981 1.2484371674125405 -3.064550044445728 -4.037218213232697 -1.5568370364055362 -0.35737886926653833 -0.891945187203921
-0.17824591721237734 0.49878549176664944 0.7448568342327896 -0.8283846003574841 -1.0374098278618806 -1.7643347104617342 -0.0659369393141333 0.13322388325675402 0.2378609069378766 -0.5835988559006264 1.468515179153221 -0.5621841003406128 -1.0405098468167917 -1.6673623411932865 0.2214450462434678 0.2565151255498403
-0.556565715766227 -0.4096102463136014 2.034272726108049 -1.8181073346892322 0.20649851036984904 -2.6514245923582407 2.0699665705538703 0.5609614367178569 -0.638389472379825 -1.0486615407270998 1.202006338060614 -1.809334293247841 -2.8804002008663536 -0.7465999437897812 1.2180862094384888 0.21447525228428807
-0.5697990178693346 0.22602284296612604 -0.04484810702621669 -0.6447055680431546 -0.5267033414960712 0.9398058755183897 0.3749101551721257 -0.5953516510917243 0.21781548276777468 -0.7713882973755877 -0.8806987615006698 0.43725363396133604 0.21309164172594436 0.5747724211212271 0.6184152252134387 0.9550265596543087
0.5884550159025325 1.4809842366080355 -0.2825958171143562 -2.176244112102074 -2.6560452551658065 1.0037170624183143 -1.552566062768311 1.4666105727575356 2.89287360432412 4.52004447486453 -0.9090675077663144 1.8481557546519793 2.481772448327748 -1.8459422931755693 -1.347624990467635 1.2574222286937486
0.5880816311666723 0.37702986032853786 1.8470841306251533 -2.9079772334343246 -0.8712936413395624 -2.023321584282367 2.269273829944112 -0.43440969439293 -1.0099914083565396 0.5313060087873216 2.8838831147349446 -2.3923230331630974 -2.9430794864012872 0.2731686021883298 -0.617982550728626 -1.1966276694627336
-0.8301490971426869 -1.0831422292517017 -0.07925866079362462 -0.9766805865670242 0.4004442612991456 0.4948209216504605 0.7906675769773143 0.4707297665341512 0.7110216368480811 -0.06799974577895856 -0.9351952935752356 0.46170160260835175 -0.8005972570767457 -0.13254870572711172 -0.7030052610119236 0.3751766498992115
0.5326602669997734 0.45848224488683037 0.6105905075940585 -1.271611532185042 -1.1195044203542368 0.675111576934103 -0.1736744744812472 0.7997365659939821 -0.5392053622067023 0.04897305545606906 -0.03583487242035796 -0.04980708221025043 -0.899086261621161 -0.6574383629593964 -0.6858547097537473 0.7890737706381424
-0.7971834992397726 -0.16559021152989373 0.2383145328980802 -1.6438146933337787 0.333596780087709 -0.8928323334513409 -1.1717218431853298 -0.5316736138534465 0.7722000420317228 1.3364187320274823 0.16890569226022192 0.4122572406470633 0.6435386436857009 0.616905744939434 -1.1519573581600944 -0.5728856046291255
-0.2451056759017009 -0.009596191638161318 0.5677400124123194 -0.3392123709522329 -2.1996576189314254 0.13807928893531737 -1.203858140525478 0.5656294249740373 2.1294090661781504 2.0626191326937406 0.16263670540926256 1.345819991007038 0.05853945497716688 -1.1208130807865393 -0.24013312249939736 -0.3570684509282271
1.0959855828305554 -2.0825061863350802 -2.50041523718117 2.6010690099718095 -0.6242001698139205 3.4344674038148266 -3.7166093874652866 -1.5528322407309285 -3.0052644049975625 0.7633352370315434 -5.296123623265352 -3.074844330805453 -0.3697786544828568 -1.2340335015864052 -0.6924157211147632 -1.8361080468093203
-1.7040578618222881 2.3689263115687558 2.556881952900103 -1.9763002484122076 -0.8107230094652074 -3.218690501258037 4.8419675543171214 1.1024704068156874 2.2845752535810346 0.0654096377660192 4.561890901772003 3.729420688702877 -0.230240726755957 0.34790111977079585 1.0305293267850695 2.4253008968999876
