2 15 15 2 
1.1397603139134145 0.905338635183231 1.137562189101878
-8.250189033416406 0.9138579849926532 1.9889011095934757
0.2753412503683898 -3.1140663266689343 4.627556265490397
-2.660912084209741 3.677805856610405 -1.8722531405951974
4.834619391260725 -1.1724616336832825 -0.9520209499551014
-3.5267016405210065 0.9346503343640415 0.8370968636842943
0.11464180875321435 0.47639085878902787 -1.5750363142142896
2.614783388044353 -3.093926733300671 1.5005815620802703
5.626610311281946 1.141979512878959 -4.0737745567425
-3.7421432592700112 0.9625966254690335 0.8155362622392277
4.0259319356608305 -1.1455315014741894 -0.8157503006004131
8.88009802045438 -1.6576635594279807 -1.5794309938258186
0.23936832189395688 3.461361887189525 -2.3548479264668716
-1.456650624815115 -1.1337171579313947 2.5791107152189605
-0.34087806888499966 -0.37953206286003577 -0.346077079430483
0.08426560362995662 -0.11078432773107408 1.0717537481999486 -0.37126179485938865 -1.4197227543545439 1.008518658600854 -0.1351097638933355 0.5856495305503309 1.592745236691363 1.6755484433438712 0.35413941578872643 1.3218545910183013 0.597754842992671 -2.04099635678533 -1.322518428784281 -0.45761264424012094
0.3062796624521861 0.5781161204654338 0.019518849126551475 -1.887626581010367 -0.4901723045330727 0.6767463675371519 -0.09839841072676872 0.4291484160484214 1.8049495065366568 2.901711214970618 -0.6436087801625164 1.1962915686573516 -0.11478357527159307 -1.1382384930742606 -1.46863905465992 -0.2854680651553464
0.6254827044284579 0.24201039018319967 -1.550712635789789 0.83041986524071 0.8694923754528157 0.8651444037439049 -1.7913276464617789 0.5622708981248247 -0.7677638993036324 0.8969116806626358 -1.4821573098387844 1.4467648328367049 1.5488281676847908 1.0474627107083805 -0.09809903527393156 1.0396527356264096
-0.5643768681286563 -0.6080791358425557 -1.0250598619582167 0.06968491490391943 0.48476316322946994 0.5512504390652189 0.023987602852817945 0.06447151691238391 0.7566302979679919 -0.8715116037458764 -0.5873965971863833 -0.5941916385047518 -0.678295211731232 0.15478168209518384 -0.7186588192609283 0.8888905666646648
0.7227011263306741 0.4260100029349877 -0.3017907714323956 -0.2063263335950156 1.5066784858898494 -1.6774975507187961 0.054358989599286194 -1.0419029080940514 -1.7715797694809812 -2.1299603789253228 1.214223423583256 -1.835403954134657 -0.3215324823857226 1.9861627923565377 1.3989196371908548 -0.3385521864163444
1.0444230469702112 -0.14771591205434637 2.6059846658826396 -2.8705610396491488 -0.4849307236546829 -2.3507569540325965 2.5537376266341343 0.08352585753719141 0.7402111236440932 1.241720162283009 1.3168811945997259 -2.924374354631984 -3.6641881645381673 -1.2764776619904434 -0.22424163602232808 -0.7160852946317129
-0.05030394976697141 0.6249132038903298 0.8644078978980435 -0.6808836406253179 -0.9047960942674408 -1.6495644540186898 0.028621512446106005 0.20238049109358058 0.24637337074408705 -0.3924747225538228 1.5054805298756693 -0.5058951622576613 -0.9645548919473423 -1.4367177599681722 0.26560481271812625 0.325876251300885
-0.7223845532647958 -0.5798797572912943 2.0858463597665096 -1.912211880388235 -4.605267766886762e-05 -2.4468830516076125 1.852384439361376 0.6743452936139325 -0.5925104739094299 -0.712765604172297 0.8839640636654247 -1.7012731426387673 -2.848911368377755 -0.7826254256223616 0.9291108639578108 0.313754014638995
-0.4690112625667189 0.32511804826044893 -0.04251067707680115 -0.5867045834987672 -0.43810561536057263 0.9632102675039252 0.4407682436947263 -0.5957295635929455 0.21984550099140782 -0.807848431462928 -0.8128030086832051 0.4504989548365116 0.2578722478670867 0.6472520448280602 0.7208040230817059 0.9531004506494285
-0.03308996648676572 0.88349011723848 -0.09096427125308175 -2.4743400633810135 -2.920622743720862 0.4515913421152417 -1.7359085357393944 1.275755597885684 2.683409420242407 4.37065721333226 -0.9485327824947198 1.6509060652048122 1.741333910247275 -2.1996067604982104 -1.7162106236930825 1.1042796064801186
0.3461309491719694 0.1312015637788809 1.7532200006807828 -2.962224413744484 -1.0791857796132265 -1.825394710481377 1.9635649938812723 -0.34104994259139293 -0.9828671674503452 1.0066156802720534 2.4987857738780654 -2.2748065260700954 -2.9021446024320725 0.2490848089513034 -1.0140091597793304 -1.1006317668920873
-0.8278645190871523 -1.080812019797256 -0.07550165897511506 -0.9721805658074345 0.4023870787345669 0.4953640323343248 0.7931489384953051 0.47069440791921235 0.7115872915575752 -0.0670079622131946 -0.9329913132529064 0.46213137791275505 -0.8002611703364391 -0.13037417441983806 -0.7005745846742849 0.3756279143930954
0.6179070102585277 0.5452118662585439 0.7309001578658355 -1.1315923612715035 -1.0355333070521469 0.6783112940521947 -0.06998879587078513 0.803304916421851 -0.5267524656491155 0.11132745069232927 0.05756415202556241 -0.04586459298929377 -0.9032822900763836 -0.5465226219954453 -0.6121343948714769 0.8065667688623834
-0.7346339764123332 -0.10050272979948445 0.3281339837587034 -1.523681420515168 0.40023246144159663 -0.9031255504458419 -1.098793738135214 -0.5412750246037769 0.7837957886917118 1.4143411152271916 0.2496160202717371 0.4153014644082006 0.6420349543269178 0.6810420811623866 -1.1031921838554573 -0.5671062074792408
-0.20719323240950388 0.03672271499676059 0.7376741275039008 -0.2571257446048229 -2.1030977090544485 0.005148211563726806 -1.0323692243445535 0.5338383088981316 2.1238861433492966 2.134427097058788 0.34879696242920993 1.2883164739276622 -0.03650032987558883 -0.9959451697970988 -0.2204166236840951 -0.38271247466323793
1.03920049583245 -2.16122629351323 -2.632689564716354 3.0198807352474843 -0.5848529234140658 3.4331871136616914 -3.957605630670136 -1.663682568091405 -3.4489225099077503 0.9716672238658635 -5.4799238734230284 -3.403731970905983 -0.3605402852382994 -1.298138148911701 -0.7294853044180613 -1.913916986128339
-1.8572132667383672 2.404732094919021 2.6404823471171066 -2.4844652273379153 -0.8678974244784928 -3.3910406536068485 5.050618008286264 1.1498722784884565 2.6096917973711227 -0.25367552263466026 4.689658041495363 3.9785940190000906 -0.24741186379356223 0.3832260065252477 1.0549315334838103 2.4712312234993985
