2 15 15 2 
1.1326182509710325 0.8990736435333014 1.128585130082251
-7.018123429042117 0.9191967823356986 1.5867384477135253
-0.17825907229375618 -2.6002852166805877 4.1226702840088905
-2.4450779363811543 3.0798556108277078 -1.372599197081833
4.461298161161093 -1.0404207293242687 -0.8900603807988247
-3.0777684143932986 0.7575712411818422 0.8206699312557979
0.0897198699264253 0.3837698673557687 -1.3523420134620658
2.351299556258844 -2.5827617526983584 1.1570146306653242
5.054059097995622 0.7041327598733438 -3.5093708293965062
-3.2550284580671676 0.7864237424308411 0.7398085047034368
3.788987986947517 -1.0862657512564728 -0.8616086482343398
8.100863887149917 -1.4925588768285352 -1.462580958948787
-0.10469870220261347 3.018195894135322 -1.886523922617581
-1.4115335741139834 -0.8206413425172568 2.1651095427506792
-0.4764425035732204 -0.3132210185245339 -0.32771408306271194
0.045491069937881365 -0.14611499183032822 0.9916917106144323 -0.32194576771334277 -1.2513673053942445 0.9608176698156319 -0.0941395182510514 0.5518335910547809 1.4108225628827011 1.5775360097321538 0.41211926476500743 1.330599927951247 0.6507453632209079 -1.8824990938076702 -1.3070622803465874 -0.46768869690235204
0.2530487506493943 0.5283880273068728 -0.00819418791563295 -1.7003914302152545 -0.42537590628870864 0.63410460997353 -0.06726487001718792 0.38762471181317887 1.7150287183341995 2.734598228807374 -0.6003670715545758 1.2065366495895646 -0.07062914927778176 -1.0704667063108835 -1.4031090762396166 -0.2989379251380526
0.7061228096620917 0.3256212366684407 -1.3307688435728708 0.6962754009513276 0.6557098744897353 0.667627364764947 -1.5486278346403357 0.5048975831578935 -0.6214042503193036 0.7910445770049132 -1.2538235123609252 1.1983492818066215 1.412800768243576 0.6612669555771087 0.02656537967219182 0.9759079313097223
-0.5702981543180508 -0.6140326069812015 -1.0172928127011753 0.057400114129933816 0.48609694543004067 0.5444617644460783 0.02201726169810279 0.06656462113638849 0.7475436555875427 -0.8709307392951839 -0.5891401278102674 -0.6021072755947666 -0.6905052127371186 0.14888263922527833 -0.7276892035195923 0.8871738980270264
0.620763344115025 0.317866517103743 -0.29961869389714146 -0.26158277671323354 1.2893088749510089 -1.567208007601968 -0.19396344603272012 -1.0040058389412647 -1.6577718155552352 -1.9936707865714798 0.9482152598783921 -1.7864621325633965 -0.41658175194015545 1.780607464713944 1.2671836807480827 -0.3183879138270195
0.8057644269728542 -0.3892329930499141 2.5831527933695533 -2.349898433607493 -0.25122296530809446 -2.240477776396285 2.227495994577127 0.05987953672520074 0.4965302469768688 1.0412420847022732 1.0119159163501277 -2.7062627437879274 -3.805921909248259 -0.8627008142121736 -0.24643539366199846 -0.6557369159089118
-0.09329780486105915 0.5802430464910904 0.6998197291543731 -0.5937814880012153 -0.8523011256059434 -1.5085648681499613 -0.12307246578379781 0.22614031029302722 0.22017786500880987 -0.3537757528939016 1.3589771294862631 -0.3417153368709135 -0.831668909075435 -1.2797898058305808 0.2155994921427818 0.3621762777789512
-0.7521833448305739 -0.6119003353003638 1.9766661209380514 -1.678247465212121 0.1121639491115217 -2.2720221713057485 1.6867158012951717 0.7135146532804335 -0.5910108252024342 -0.6643469370802545 0.7185976409478791 -1.490318795066214 -2.7242550616970154 -0.539269402368204 0.8954408083856064 0.3765477863328843
-0.48142840291793554 0.31258387127770443 -0.011517470261584213 -0.6730677217321328 -0.5022186042733457 0.9174848363701452 0.45385418145758183 -0.6002669961784068 0.23529751920620812 -0.812103007950501 -0.8015741155265454 0.38863254586901563 0.1923584081205305 0.5577458822910245 0.7037611813780843 0.938679971447586
0.1428527490715415 1.0682223567688098 0.005782473176640628 -2.361934386817212 -2.6346060183686295 0.28719227589412244 -1.339784927829428 1.227082014358687 2.5665743266271757 4.195430283428091 -0.5353713473861258 1.561703634909153 1.869903711401673 -2.0098564398262884 -1.5051990581036552 1.0719499073895857
0.22125090610147652 0.0035880234053094796 1.7360146454417638 -2.4135372079792923 -1.107440509031947 -1.6543619112899417 1.7150958495176696 -0.38650418061937364 -0.8973780661406675 0.822115229855497 2.253025884151916 -2.025173549511872 -2.896559569810814 0.38886301037065035 -0.9171030515223128 -1.0354206396757486
-0.8282452948980222 -1.0811975878735767 -0.07519606733291566 -0.9717854510502323 0.4041843547427438 0.49626651652887827 0.7922640285320299 0.4716027569362077 0.7099081642244294 -0.06683213249164673 -0.9338270230094464 0.46311895120543745 -0.7991650002580122 -0.1295194212786889 -0.701762148402758 0.37577636683954185
0.577751849066485 0.5052100779094777 0.691055726300084 -1.0678606094400138 -1.0136166088433165 0.7022259411996176 -0.11949686583838666 0.7954287103901089 -0.5595085920380001 0.08059277905176015 0.012202737061898481 -0.0018564625882640843 -0.8788598804768601 -0.5042241631418121 -0.6196577638477399 0.8136998988952516
-0.7274014834019106 -0.09236567192402191 0.36283536087741636 -1.4268910082685882 0.433222994508043 -0.9147779002122096 -1.068846660198272 -0.560112973567521 0.7736387836834904 1.375034833552379 0.2806272403656278 0.41958665221719305 0.642288751483762 0.7035048896601278 -1.0545915334891824 -0.567278758920935
-0.23034141815132575 0.017039655241832305 0.6735804806535051 -0.21805750435659238 -1.9107147165904874 -0.05381226727444141 -0.9711135853300656 0.5075864766694991 1.9339641770711267 2.0433955688445424 0.4266654974479395 1.2827409026596397 -0.0011072451191843184 -0.8087345249034973 -0.2037578566371374 -0.39272037764233725
0.9602555456954833 -1.9544672335335564 -2.407623725076882 2.686441625496549 -0.5916824515801078 3.093139793524144 -3.491970928937218 -1.4280236010329874 -3.156796750891844 0.9548928068808313 -5.1983240942914595 -2.8988517379132723 -0.34368498967833266 -1.2235900745875008 -0.6696080826655781 -1.673113605469492
-1.771685270486616 2.24623861464607 2.434511817459703 -1.9897616071280366 -0.8522025927062817 -3.100396613297156 4.582523051788822 0.8280698044297701 2.225219127222515 -0.20008355303916456 4.31000440754799 3.5633138634003143 -0.2671239594480087 0.30163854449957417 0.9831156803920031 2.316180947827813
